Tip	test
2129.00	2129.08	0.08
1756.00	1756.45	0.45
744.00	743.94	-0.06
1298.00	1298.36	0.36
1727.00	1726.94	-0.06
1638.00	1637.90	-0.10
2136.00	2135.60	-0.40
2003.00	2002.69	-0.31
525.00	525.20	0.20
1934.00	1934.23	0.23
2200.00	2199.98	-0.02
67.00	66.95	-0.05
409.00	409.06	0.06
693.00	692.88	-0.12
2148.00	2147.81	-0.19
1817.00	1816.81	-0.19
1621.00	1621.04	0.04
548.00	548.30	0.30
679.00	678.70	-0.30
540.00	540.09	0.09
1688.00	1688.13	0.13
1972.00	1971.73	-0.27
110.00	110.13	0.13
21.00	21.05	0.05
1421.00	1421.47	0.47
103.00	102.87	-0.13
1525.00	1524.87	-0.13
2053.00	2053.39	0.39
1066.00	1065.87	-0.13
692.00	691.87	-0.13
958.00	958.45	0.45
984.00	983.69	-0.31
1206.00	1206.02	0.02
1794.00	1793.99	-0.01
175.00	174.94	-0.06
1053.00	1052.87	-0.13
1166.00	1166.10	0.10
1589.00	1588.99	-0.01
694.00	693.60	-0.40
492.00	491.97	-0.03
1007.00	1007.27	0.27
468.00	467.99	-0.01
110.00	110.07	0.07
79.00	78.90	-0.10
1817.00	1816.73	-0.27
914.00	913.88	-0.12
2044.00	2043.55	-0.45
1334.00	1334.17	0.17
784.00	783.99	-0.01
19.00	18.97	-0.03
164.00	163.61	-0.39
1295.00	1294.88	-0.12
1477.00	1476.59	-0.41
1462.00	1462.17	0.17
2087.00	2086.53	-0.47
494.00	494.13	0.13
199.00	199.31	0.31
1258.00	1257.82	-0.18
860.00	859.87	-0.13
1762.00	1761.81	-0.19
1608.00	1608.06	0.06
1273.00	1272.76	-0.24
592.00	592.24	0.24
2287.00	2286.54	-0.46
1260.00	1260.12	0.12
1141.00	1140.96	-0.04
38.00	38.04	0.04
1278.00	1277.92	-0.08
778.00	778.03	0.03
2073.00	2073.37	0.37
70.00	69.99	-0.01
2201.00	2200.69	-0.31
1081.00	1081.03	0.03
1395.00	1395.27	0.27
1318.00	1318.14	0.14
303.00	302.86	-0.14
977.00	977.38	0.38
163.00	162.74	-0.26
262.00	261.88	-0.12
680.00	679.69	-0.31
997.00	997.43	0.43
1266.00	1265.52	-0.48
2114.00	2114.25	0.25
1217.00	1216.90	-0.10
1499.00	1498.90	-0.10
1350.00	1350.03	0.03
1569.00	1568.71	-0.29
739.00	739.00	0.00
2076.00	2076.25	0.25
1513.00	1512.83	-0.17
528.00	527.59	-0.41
1053.00	1052.79	-0.21
1825.00	1824.85	-0.15
22.00	22.13	0.13
1463.00	1462.90	-0.10
2204.00	2203.67	-0.33
375.00	374.93	-0.07
402.00	402.13	0.13
2182.00	2182.20	0.20
2242.00	2241.53	-0.47
2010.00	2010.03	0.03
1268.00	1268.19	0.19
1466.00	1465.58	-0.42
228.00	227.61	-0.39
349.00	349.11	0.11
921.00	921.01	0.01
356.00	356.04	0.04
1614.00	1613.71	-0.29
1297.00	1296.81	-0.19
1973.00	1972.65	-0.35
2186.00	2186.36	0.36
1526.00	1525.94	-0.06
147.00	146.63	-0.37
796.00	795.62	-0.38
423.00	422.89	-0.11
1064.00	1064.26	0.26
2203.00	2203.45	0.45
255.00	255.11	0.11
1250.00	1250.08	0.08
2210.00	2210.02	0.02
79.00	78.90	-0.10
450.00	449.86	-0.14
888.00	887.87	-0.13
1246.00	1245.77	-0.23
2294.00	2293.52	-0.48
1439.00	1439.01	0.01
814.00	813.93	-0.07
696.00	695.80	-0.20
665.00	664.92	-0.08
2137.00	2136.64	-0.36
1554.00	1553.98	-0.02
2173.00	2173.15	0.15
2263.00	2263.24	0.24
307.00	306.84	-0.16
450.00	450.16	0.16
864.00	863.76	-0.24
954.00	954.42	0.42
1670.00	1669.83	-0.17
1342.00	1341.91	-0.09
1253.00	1252.85	-0.15
1462.00	1461.87	-0.13
1741.00	1741.39	0.39
1922.00	1922.01	0.01
2118.00	2118.26	0.26
1395.00	1395.04	0.04
1546.00	1545.91	-0.09
1316.00	1316.18	0.18
311.00	310.93	-0.07
698.00	697.71	-0.29
1678.00	1678.21	0.21
2277.00	2276.97	-0.03
1200.00	1200.03	0.03
1849.00	1848.72	-0.28
400.00	399.89	-0.11
1190.00	1189.95	-0.05
2050.00	2049.94	-0.06
1432.00	1431.71	-0.29
59.00	58.96	-0.04
810.00	809.55	-0.45
64.00	63.94	-0.06
1374.00	1374.10	0.10
917.00	917.20	0.20
1848.00	1848.21	0.21
2176.00	2175.89	-0.11
446.00	446.15	0.15
1661.00	1660.94	-0.06
476.00	476.05	0.05
476.00	476.05	0.05
1864.00	1864.06	0.06
1699.00	1699.18	0.18
2271.00	2271.18	0.18
1885.00	1885.37	0.37
2246.00	2246.01	0.01
340.00	339.88	-0.12
801.00	801.11	0.11
1798.00	1797.59	-0.41
1555.00	1554.96	-0.04
1767.00	1767.11	0.11
1502.00	1501.78	-0.22
1861.00	1860.79	-0.21
853.00	852.90	-0.10
1425.00	1424.92	-0.08
1901.00	1901.23	0.23
1781.00	1781.06	0.06
151.00	151.27	0.27
941.00	940.83	-0.17
238.00	237.81	-0.19
1124.00	1123.83	-0.17
1140.00	1140.30	0.30
1896.00	1895.91	-0.09
1299.00	1298.91	-0.09
928.00	928.11	0.11
260.00	259.68	-0.32
2263.00	2262.92	-0.08
473.00	472.78	-0.22
1473.00	1473.18	0.18
973.00	972.58	-0.42
2085.00	2084.86	-0.14
479.00	478.85	-0.15
1312.00	1311.93	-0.07
665.00	664.88	-0.12
1692.00	1692.04	0.04
1961.00	1960.76	-0.24
474.00	474.21	0.21
175.00	174.80	-0.20
1334.00	1333.98	-0.02
1609.00	1608.75	-0.25
860.00	859.83	-0.17
1315.00	1315.10	0.10
1692.00	1691.92	-0.08
1609.00	1609.21	0.21
2211.00	2210.51	-0.49
683.00	683.02	0.02
269.00	268.80	-0.20
1450.00	1450.00	0.00
2207.00	2206.64	-0.36
1115.00	1114.90	-0.10
932.00	931.94	-0.06
192.00	192.35	0.35
1246.00	1245.73	-0.27
61.00	60.92	-0.08
1946.00	1945.54	-0.46
2143.00	2143.05	0.05
1737.00	1737.04	0.04
608.00	608.37	0.37
894.00	893.98	-0.02
1252.00	1251.80	-0.20
1887.00	1887.22	0.22
874.00	873.90	-0.10
1406.00	1406.35	0.35
1592.00	1591.63	-0.37
35.00	34.96	-0.04
1522.00	1522.15	0.15
2119.00	2119.07	0.07
1451.00	1451.25	0.25
1617.00	1616.83	-0.17
1630.00	1629.95	-0.05
687.00	686.93	-0.07
903.00	903.37	0.37
652.00	652.16	0.16
1169.00	1168.88	-0.12
370.00	369.87	-0.13
1394.00	1393.67	-0.33
2282.00	2281.57	-0.43
944.00	943.99	-0.01
84.00	83.88	-0.12
89.00	88.96	-0.04
1030.00	1030.21	0.21
1461.00	1461.29	0.29
1072.00	1072.18	0.18
377.00	376.93	-0.07
868.00	868.08	0.08
1880.00	1880.00	-0.00
1328.00	1327.90	-0.10
129.00	128.98	-0.02
743.00	742.85	-0.15
1733.00	1732.80	-0.20
1779.00	1778.95	-0.05
1130.00	1129.90	-0.10
160.00	160.22	0.22
452.00	451.62	-0.38
1194.00	1193.50	-0.50
1818.00	1817.71	-0.29
2018.00	2017.53	-0.47
1730.00	1729.84	-0.16
1539.00	1538.82	-0.18
1288.00	1288.10	0.10
464.00	463.81	-0.19
684.00	683.62	-0.38
424.00	423.96	-0.04
871.00	871.00	0.00
565.00	565.15	0.15
1092.00	1092.26	0.26
1982.00	1981.54	-0.46
1309.00	1308.89	-0.11
1722.00	1722.34	0.34
642.00	641.91	-0.09
1374.00	1373.62	-0.38
9.00	8.97	-0.03
716.00	715.68	-0.32
1365.00	1364.83	-0.17
2048.00	2047.84	-0.16
2003.00	2002.77	-0.23
1068.00	1067.83	-0.17
816.00	815.97	-0.03
2049.00	2048.87	-0.13
1335.00	1335.17	0.17
1477.00	1477.13	0.13
185.00	185.34	0.34
560.00	560.39	0.39
872.00	871.64	-0.36
1852.00	1851.60	-0.40
778.00	778.03	0.03
236.00	236.30	0.30
1314.00	1314.11	0.11
294.00	294.16	0.16
692.00	691.75	-0.25
1400.00	1400.27	0.27
1543.00	1542.63	-0.37
904.00	904.18	0.18
614.00	613.69	-0.31
35.00	34.89	-0.11
1099.00	1098.65	-0.35
980.00	979.63	-0.37
1818.00	1817.59	-0.41
910.00	909.80	-0.20
2139.00	2138.92	-0.08
2124.00	2124.41	0.41
939.00	938.89	-0.11
1390.00	1389.98	-0.02
555.00	555.07	0.07
1487.00	1486.87	-0.13
1135.00	1135.14	0.14
549.00	549.02	0.02
1734.00	1733.89	-0.11
1927.00	1927.05	0.05
2112.00	2112.41	0.41
880.00	880.01	0.01
1924.00	1923.91	-0.09
808.00	808.06	0.06
28.00	27.90	-0.10
1418.00	1417.62	-0.38
449.00	448.93	-0.07
1644.00	1643.72	-0.28
353.00	353.12	0.12
610.00	610.02	0.02
1482.00	1481.63	-0.37
364.00	364.01	0.01
1970.00	1969.81	-0.19
1212.00	1212.20	0.20
1339.00	1338.92	-0.08
715.00	714.83	-0.17
353.00	352.80	-0.20
568.00	568.03	0.03
906.00	905.89	-0.11
778.00	777.93	-0.07
1947.00	1946.63	-0.37
1038.00	1037.77	-0.23
931.00	931.21	0.21
807.00	807.07	0.07
1294.00	1294.21	0.21
659.00	659.15	0.15
191.00	190.96	-0.04
202.00	201.85	-0.15
1231.00	1231.25	0.25
527.00	527.13	0.13
615.00	614.60	-0.40
1161.00	1160.86	-0.14
1517.00	1517.03	0.03
839.00	839.25	0.25
416.00	415.94	-0.06
1139.00	1139.13	0.13
1451.00	1451.45	0.45
6.00	6.11	0.11
1605.00	1604.94	-0.06
1624.00	1624.09	0.09
392.00	391.83	-0.17
2260.00	2259.73	-0.27
1405.00	1404.84	-0.16
1627.00	1626.55	-0.45
2287.00	2286.62	-0.38
489.00	488.81	-0.19
466.00	466.07	0.07
1630.00	1629.99	-0.01
2005.00	2004.54	-0.46
519.00	519.07	0.07
2259.00	2258.83	-0.17
299.00	298.87	-0.13
1089.00	1089.12	0.12
886.00	885.86	-0.14
1138.00	1137.84	-0.16
845.00	844.93	-0.07
1050.00	1050.03	0.03
131.00	130.89	-0.11
1405.00	1405.35	0.35
1224.00	1224.14	0.14
1575.00	1575.04	0.04
1474.00	1474.15	0.15
700.00	699.75	-0.25
676.00	676.14	0.14
1937.00	1936.97	-0.03
1519.00	1518.78	-0.22
2199.00	2199.16	0.16
496.00	495.74	-0.26
605.00	604.96	-0.04
607.00	606.56	-0.44
756.00	755.61	-0.39
372.00	371.87	-0.13
723.00	722.61	-0.39
2240.00	2240.00	0.00
997.00	996.69	-0.31
926.00	925.75	-0.25
194.00	194.11	0.11
874.00	874.49	0.49
1297.00	1296.83	-0.17
503.00	502.96	-0.04
411.00	411.20	0.20
375.00	374.83	-0.17
342.00	342.07	0.07
1832.00	1832.41	0.41
1331.00	1330.84	-0.16
1249.00	1248.75	-0.25
317.00	316.59	-0.41
1530.00	1529.97	-0.03
1159.00	1158.95	-0.05
1765.00	1764.88	-0.12
1761.00	1761.03	0.03
1825.00	1824.69	-0.31
1848.00	1847.67	-0.33
1869.00	1868.71	-0.29
2225.00	2225.32	0.32
2296.00	2295.88	-0.12
1353.00	1352.67	-0.33
859.00	859.12	0.12
827.00	827.05	0.05
1282.00	1281.97	-0.03
2273.00	2272.92	-0.08
1424.00	1424.09	0.09
2041.00	2040.91	-0.09
1667.00	1667.05	0.05
964.00	963.75	-0.25
435.00	434.90	-0.10
1579.00	1579.07	0.07
1174.00	1173.96	-0.04
801.00	800.91	-0.09
1219.00	1219.12	0.12
1089.00	1088.93	-0.07
1679.00	1679.00	-0.00
968.00	967.80	-0.20
732.00	731.92	-0.08
1331.00	1330.82	-0.18
374.00	373.98	-0.02
393.00	392.75	-0.25
352.00	351.79	-0.21
1560.00	1559.90	-0.10
762.00	761.98	-0.02
157.00	156.55	-0.45
1275.00	1274.66	-0.34
1853.00	1852.59	-0.41
1042.00	1041.88	-0.12
1599.00	1598.69	-0.31
2193.00	2192.73	-0.27
752.00	752.00	-0.00
995.00	995.46	0.46
1905.00	1905.28	0.28
1216.00	1216.12	0.12
1550.00	1549.78	-0.22
264.00	264.06	0.06
1022.00	1021.93	-0.07
1412.00	1412.28	0.28
1999.00	1998.58	-0.42
1458.00	1457.76	-0.24
2078.00	2077.94	-0.06
1068.00	1067.93	-0.07
467.00	467.02	0.02
171.00	170.66	-0.34
1113.00	1113.37	0.37
5.00	5.02	0.02
1108.00	1108.06	0.06
1886.00	1886.15	0.15
1084.00	1083.77	-0.23
106.00	106.03	0.03
1093.00	1092.52	-0.48
1769.00	1769.25	0.25
1960.00	1959.71	-0.29
1283.00	1282.96	-0.04
2294.00	2293.74	-0.26
1782.00	1781.61	-0.39
3.00	2.90	-0.10
1097.00	1097.36	0.36
1380.00	1380.39	0.39
739.00	739.00	0.00
2218.00	2217.62	-0.38
148.00	148.07	0.07
541.00	541.06	0.06
973.00	973.24	0.24
280.00	280.21	0.21
1735.00	1735.32	0.32
864.00	863.88	-0.12
282.00	281.98	-0.02
1800.00	1799.93	-0.07
1472.00	1471.63	-0.37
276.00	275.93	-0.07
1012.00	1011.95	-0.05
1317.00	1317.19	0.19
375.00	374.75	-0.25
1613.00	1613.08	0.08
2185.00	2185.13	0.13
247.00	246.90	-0.10
2216.00	2215.51	-0.49
1579.00	1578.81	-0.19
1389.00	1388.59	-0.41
2117.00	2116.87	-0.13
1789.00	1789.45	0.45
1515.00	1514.61	-0.39
1356.00	1355.74	-0.26
670.00	669.57	-0.43
1512.00	1512.09	0.09
344.00	343.69	-0.31
1534.00	1533.90	-0.10
1014.00	1013.66	-0.34
1668.00	1667.71	-0.29
1237.00	1236.92	-0.08
604.00	604.46	0.46
1934.00	1934.07	0.07
845.00	844.83	-0.17
1303.00	1302.96	-0.04
1501.00	1501.10	0.10
1067.00	1066.52	-0.48
1277.00	1277.00	0.00
65.00	64.91	-0.09
123.00	122.85	-0.15
1514.00	1513.96	-0.04
572.00	572.35	0.35
659.00	658.83	-0.17
2042.00	2041.98	-0.02
311.00	310.85	-0.15
2181.00	2181.03	0.03
1149.00	1149.05	0.05
244.00	244.26	0.26
1342.00	1342.01	0.01
2063.00	2063.00	-0.00
1987.00	1986.90	-0.10
2012.00	2012.00	-0.00
1274.00	1273.93	-0.07
152.00	151.96	-0.04
1347.00	1347.21	0.21
819.00	819.07	0.07
154.00	153.83	-0.17
1580.00	1579.66	-0.34
496.00	495.86	-0.14
1300.00	1300.12	0.12
2297.00	2296.62	-0.38
24.00	23.95	-0.05
36.00	36.02	0.02
1954.00	1953.80	-0.20
1482.00	1481.79	-0.21
2001.00	2000.71	-0.29
1339.00	1338.96	-0.04
2193.00	2192.71	-0.29
51.00	50.82	-0.18
404.00	403.60	-0.40
180.00	180.16	0.16
1415.00	1414.88	-0.12
2078.00	2077.92	-0.08
1494.00	1494.29	0.29
810.00	809.88	-0.12
443.00	442.91	-0.09
239.00	239.26	0.26
539.00	538.98	-0.02
1344.00	1343.86	-0.14
993.00	993.44	0.44
174.00	173.89	-0.11
509.00	509.19	0.19
1826.00	1826.36	0.36
1174.00	1173.92	-0.08
1686.00	1686.32	0.32
344.00	343.81	-0.19
1120.00	1119.92	-0.08
1262.00	1262.44	0.44
1560.00	1559.58	-0.42
385.00	384.97	-0.03
1248.00	1248.37	0.37
1411.00	1410.73	-0.27
1771.00	1770.88	-0.12
1104.00	1104.11	0.11
1662.00	1661.97	-0.03
1377.00	1376.80	-0.20
1812.00	1812.01	0.01
1396.00	1395.99	-0.01
147.00	146.67	-0.33
1635.00	1634.85	-0.15
1182.00	1182.03	0.03
2007.00	2006.78	-0.22
1391.00	1391.01	0.01
140.00	139.84	-0.16
1057.00	1056.54	-0.46
1091.00	1090.67	-0.33
603.00	602.89	-0.11
1427.00	1427.00	0.00
2254.00	2253.97	-0.03
1660.00	1659.89	-0.11
801.00	800.91	-0.09
934.00	933.71	-0.29
750.00	749.90	-0.10
1733.00	1733.09	0.09
1633.00	1633.12	0.12
2251.00	2251.23	0.23
1415.00	1414.98	-0.02
1496.00	1495.52	-0.48
816.00	816.03	0.03
1174.00	1173.74	-0.26
875.00	875.21	0.21
1263.00	1262.66	-0.34
551.00	550.96	-0.04
2108.00	2108.08	0.08
1332.00	1332.01	0.01
1837.00	1836.84	-0.16
1513.00	1513.19	0.19
464.00	463.81	-0.19
1154.00	1154.03	0.03
2053.00	2052.99	-0.01
612.00	612.38	0.38
1563.00	1562.60	-0.40
1698.00	1698.25	0.25
1574.00	1573.91	-0.09
77.00	76.91	-0.09
373.00	373.08	0.08
2220.00	2219.62	-0.38
1412.00	1411.82	-0.18
751.00	751.01	0.01
1521.00	1520.84	-0.16
888.00	888.05	0.05
2144.00	2143.72	-0.28
454.00	453.99	-0.01
252.00	252.29	0.29
1795.00	1795.09	0.09
1875.00	1875.10	0.10
52.00	51.99	-0.01
1995.00	1994.52	-0.48
1171.00	1170.96	-0.04
320.00	319.70	-0.30
1534.00	1533.94	-0.06
22.00	22.03	0.03
316.00	315.81	-0.19
670.00	669.96	-0.04
1027.00	1027.35	0.35
315.00	314.98	-0.02
1801.00	1801.02	0.02
542.00	541.85	-0.15
1701.00	1701.17	0.17
118.00	118.13	0.13
228.00	227.96	-0.04
1334.00	1334.49	0.49
1284.00	1284.17	0.17
336.00	335.88	-0.12
1048.00	1047.71	-0.29
426.00	426.08	0.08
185.00	184.92	-0.08
2171.00	2170.55	-0.45
615.00	614.74	-0.26
1695.00	1695.45	0.45
2242.00	2241.53	-0.47
625.00	625.04	0.04
794.00	793.53	-0.47
398.00	398.03	0.03
1004.00	1003.78	-0.22
183.00	182.74	-0.26
1202.00	1202.43	0.43
1374.00	1374.34	0.34
16.00	16.09	0.09
2155.00	2155.09	0.09
65.00	64.91	-0.09
645.00	645.08	0.08
431.00	431.01	0.01
235.00	235.09	0.09
870.00	869.69	-0.31
1571.00	1570.89	-0.11
994.00	993.91	-0.09
563.00	563.03	0.03
1345.00	1344.87	-0.13
2096.00	2096.04	0.04
1149.00	1149.05	0.05
2087.00	2087.15	0.15
1535.00	1534.80	-0.20
1532.00	1532.27	0.27
1555.00	1555.11	0.11
345.00	344.79	-0.21
588.00	588.37	0.37
652.00	651.65	-0.35
683.00	683.24	0.24
1395.00	1395.49	0.49
1167.00	1167.11	0.11
1016.00	1016.00	0.00
1955.00	1955.30	0.30
1806.00	1805.68	-0.32
677.00	677.13	0.13
133.00	133.11	0.11
1409.00	1408.71	-0.29
1810.00	1810.29	0.29
588.00	588.37	0.37
758.00	757.85	-0.15
225.00	225.29	0.29
486.00	486.41	0.41
498.00	497.98	-0.02
1772.00	1772.19	0.19
515.00	515.04	0.04
126.00	126.13	0.13
1215.00	1214.83	-0.17
1009.00	1009.47	0.47
1014.00	1013.80	-0.20
309.00	308.87	-0.13
2173.00	2173.09	0.09
1578.00	1577.90	-0.10
1321.00	1321.00	-0.00
1526.00	1525.85	-0.15
1553.00	1552.81	-0.19
1181.00	1180.96	-0.04
2200.00	2199.78	-0.22
257.00	256.94	-0.06
1845.00	1844.68	-0.32
641.00	641.13	0.13
1092.00	1092.26	0.26
319.00	318.97	-0.03
690.00	689.85	-0.15
2019.00	2019.24	0.24
1528.00	1527.85	-0.15
1545.00	1545.07	0.07
2008.00	2008.13	0.13
242.00	241.78	-0.22
376.00	375.90	-0.10
1919.00	1919.09	0.09
1310.00	1310.40	0.40
368.00	367.78	-0.22
1914.00	1914.09	0.09
851.00	851.14	0.14
1702.00	1701.82	-0.18
1266.00	1265.81	-0.19
141.00	140.75	-0.25
58.00	57.92	-0.08
2174.00	2174.30	0.30
1542.00	1541.78	-0.22
398.00	398.05	0.05
814.00	814.19	0.19
2068.00	2067.78	-0.22
1094.00	1093.81	-0.19
1140.00	1139.81	-0.19
822.00	822.03	0.03
899.00	898.68	-0.32
323.00	323.18	0.18
2043.00	2043.19	0.19
487.00	486.91	-0.09
1317.00	1316.83	-0.17
966.00	966.13	0.13
799.00	799.03	0.03
1874.00	1873.63	-0.37
121.00	120.83	-0.17
422.00	421.68	-0.32
376.00	375.86	-0.14
845.00	845.22	0.22
597.00	596.86	-0.14
1933.00	1932.86	-0.14
1240.00	1240.06	0.06
1147.00	1147.01	0.01
631.00	630.97	-0.03
223.00	223.06	0.06
979.00	979.25	0.25
976.00	975.88	-0.12
1640.00	1640.01	0.01
1169.00	1168.94	-0.06
2158.00	2158.13	0.13
651.00	650.84	-0.16
155.00	154.68	-0.32
1330.00	1330.27	0.27
1829.00	1828.78	-0.22
1588.00	1587.84	-0.16
710.00	709.87	-0.13
1403.00	1402.91	-0.09
1929.00	1929.11	0.11
1457.00	1457.11	0.11
11.00	11.05	0.05
720.00	720.05	0.05
2073.00	2073.18	0.18
263.00	263.21	0.21
1007.00	1007.35	0.35
788.00	788.00	-0.00
1023.00	1023.16	0.16
1463.00	1462.96	-0.04
1087.00	1086.98	-0.02
1703.00	1702.75	-0.25
1648.00	1647.98	-0.02
1864.00	1863.98	-0.02
1422.00	1422.36	0.36
1892.00	1891.82	-0.18
1882.00	1882.38	0.38
2198.00	2198.05	0.05
329.00	328.87	-0.13
741.00	740.79	-0.21
1132.00	1132.36	0.36
1396.00	1396.13	0.13
1910.00	1910.10	0.10
810.00	809.90	-0.10
1406.00	1405.99	-0.01
1231.00	1231.01	0.01
1046.00	1045.61	-0.39
1735.00	1734.98	-0.02
1310.00	1309.69	-0.31
161.00	160.73	-0.27
1755.00	1754.86	-0.14
1206.00	1205.98	-0.02
293.00	292.77	-0.23
1197.00	1197.01	0.01
928.00	928.15	0.15
2057.00	2056.76	-0.24
927.00	927.26	0.26
1285.00	1284.51	-0.49
1340.00	1340.27	0.27
1951.00	1950.58	-0.42
1026.00	1025.64	-0.36
1265.00	1264.62	-0.38
2064.00	2064.05	0.05
417.00	416.92	-0.08
744.00	743.80	-0.20
898.00	898.45	0.45
501.00	500.96	-0.04
801.00	801.11	0.11
2000.00	1999.61	-0.39
1388.00	1387.87	-0.13
349.00	349.05	0.05
291.00	290.87	-0.13
1821.00	1820.82	-0.18
1498.00	1498.08	0.08
8.00	8.06	0.06
375.00	375.13	0.13
1737.00	1737.20	0.20
1814.00	1813.60	-0.40
2250.00	2249.55	-0.45
1678.00	1677.83	-0.17
162.00	161.77	-0.23
168.00	167.64	-0.36
1216.00	1215.59	-0.41
293.00	292.89	-0.11
2170.00	2170.09	0.09
1405.00	1404.90	-0.10
2030.00	2030.09	0.09
803.00	803.12	0.12
1532.00	1531.70	-0.30
1903.00	1903.06	0.06
2265.00	2264.75	-0.25
97.00	97.06	0.06
153.00	153.17	0.17
1419.00	1418.99	-0.01
2005.00	2004.69	-0.31
397.00	396.95	-0.05
506.00	506.33	0.33
185.00	185.24	0.24
1040.00	1040.39	0.39
224.00	223.76	-0.24
45.00	44.95	-0.05
512.00	511.67	-0.33
1375.00	1374.89	-0.11
582.00	581.92	-0.08
1890.00	1889.80	-0.20
1645.00	1645.09	0.09
284.00	284.10	0.10
1163.00	1162.51	-0.49
1443.00	1442.90	-0.10
1554.00	1553.57	-0.43
1108.00	1107.82	-0.18
724.00	723.90	-0.10
1501.00	1501.12	0.12
188.00	188.14	0.14
245.00	245.01	0.01
998.00	997.64	-0.36
746.00	746.01	0.01
2.00	1.89	-0.11
2165.00	2165.03	0.03
1886.00	1885.81	-0.19
1464.00	1463.62	-0.38
86.00	86.06	0.06
455.00	454.84	-0.16
877.00	876.66	-0.34
831.00	831.16	0.16
258.00	257.59	-0.41
2276.00	2276.08	0.08
570.00	570.11	0.11
1238.00	1237.65	-0.35
749.00	748.84	-0.16
74.00	73.96	-0.04
1697.00	1697.43	0.43
1815.00	1814.63	-0.37
1477.00	1477.29	0.29
8.00	8.10	0.10
1427.00	1427.00	0.00
1571.00	1570.63	-0.37
1244.00	1244.14	0.14
1779.00	1779.49	0.49
234.00	233.50	-0.50
981.00	981.45	0.45
573.00	573.23	0.23
913.00	913.09	0.09
77.00	76.93	-0.07
1187.00	1186.76	-0.24
196.00	195.96	-0.04
1864.00	1863.94	-0.06
681.00	681.04	0.04
60.00	59.97	-0.03
1004.00	1003.68	-0.32
700.00	699.99	-0.01
615.00	614.76	-0.24
1242.00	1241.98	-0.02
2098.00	2098.26	0.26
2272.00	2272.31	0.31
721.00	720.80	-0.20
1356.00	1355.78	-0.22
1696.00	1695.69	-0.31
913.00	912.73	-0.27
923.00	923.37	0.37
1746.00	1745.73	-0.27
441.00	440.91	-0.09
1758.00	1757.82	-0.18
1476.00	1475.56	-0.44
2009.00	2008.80	-0.20
1609.00	1609.15	0.15
957.00	957.44	0.44
896.00	895.95	-0.05
1482.00	1481.81	-0.19
2001.00	2001.02	0.02
2123.00	2122.82	-0.18
1428.00	1428.08	0.08
2093.00	2092.60	-0.40
1161.00	1160.92	-0.08
2099.00	2098.87	-0.13
Error.
1792.00	1749.23	-42.77
1490.00	1489.73	-0.27
42.00	41.83	-0.17
972.00	972.09	0.09
1615.00	1614.65	-0.35
1898.00	1898.39	0.39
1221.00	1220.97	-0.03
2206.00	2205.71	-0.29
1966.00	1965.98	-0.02
320.00	319.76	-0.24
44.00	43.87	-0.13
1799.00	1798.90	-0.10
573.00	572.93	-0.07
96.00	96.16	0.16
1738.00	1738.29	0.29
1502.00	1501.97	-0.03
1094.00	1093.87	-0.13
1393.00	1393.09	0.09
533.00	533.06	0.06
894.00	894.12	0.12
326.00	326.05	0.05
1444.00	1444.15	0.15
385.00	384.93	-0.07
416.00	416.04	0.04
2061.00	2060.91	-0.09
1825.00	1824.85	-0.15
239.00	238.96	-0.04
2227.00	2227.30	0.30
20.00	19.92	-0.08
445.00	445.17	0.17
340.00	339.98	-0.02
1131.00	1130.94	-0.06
517.00	516.85	-0.15
1043.00	1042.69	-0.31
1443.00	1442.98	-0.02
530.00	530.11	0.11
2254.00	2253.63	-0.37
1937.00	1937.07	0.07
1070.00	1070.05	0.05
1378.00	1378.25	0.25
125.00	124.80	-0.20
382.00	381.81	-0.19
605.00	604.98	-0.02
2266.00	2265.52	-0.48
417.00	416.92	-0.08
1506.00	1505.92	-0.08
1437.00	1437.08	0.08
2246.00	2246.00	-0.00
61.00	60.92	-0.08
150.00	150.16	0.16
1795.00	1795.34	0.34
1916.00	1915.80	-0.20
1765.00	1764.82	-0.18
388.00	387.85	-0.15
1054.00	1054.40	0.40
1767.00	1767.13	0.13
1620.00	1619.96	-0.04
1912.00	1912.00	0.00
1923.00	1923.02	0.02
1910.00	1909.82	-0.18
2172.00	2171.92	-0.08
55.00	55.03	0.03
1723.00	1723.21	0.21
276.00	275.89	-0.11
1463.00	1462.70	-0.30
968.00	967.92	-0.08
2196.00	2196.39	0.39
1232.00	1232.16	0.16
2006.00	2005.65	-0.35
1680.00	1679.97	-0.03
1659.00	1659.16	0.16
189.00	188.89	-0.11
1278.00	1278.43	0.43
1569.00	1568.53	-0.47
253.00	253.11	0.11
2202.00	2201.53	-0.47
457.00	456.84	-0.16
2133.00	2132.91	-0.09
981.00	980.80	-0.20
1167.00	1166.55	-0.45
629.00	628.79	-0.21
1198.00	1198.11	0.11
695.00	694.81	-0.19
25.00	24.94	-0.06
301.00	300.89	-0.11
979.00	978.95	-0.05
1883.00	1882.72	-0.28